301
0
10 293 967.362 292 678.353 3 638.081 291 600.657 286 556.692 8 538.917 290 531.74 287 463.961 289 442.601 288 435.007 
1
10 293 990.596 292 705.507 3 672.185 291 628.511 286 582.532 8 575.201 290 556.16 287 482.831 289 468.931 288 454.967 
2
10 293 1108.09 8 669.156 286 658.988 3 560.284 287 559.975 289 535.446 288 531.907 9 526.63 169 398.997 10 293.047 
3
10 8 691.085 292 687.721 286 684.922 290 656.319 285 652.925 291 649.645 1 648.413 0 616.095 287 593.316 289 586.886 
4
10 292 857.148 9 848.298 8 823.676 286 817.074 291 772.9 287 750.985 289 740.871 288 737.445 290 689.399 285 557.141 
5
10 9 946.369 292 752.428 286 741.689 288 737.568 291 691.353 287 687.614 289 654.921 10 591.961 290 578.809 285 558.099 
6
10 9 886.355 292 729.125 286 684.518 288 673.837 291 657.533 287 649.477 10 623.805 289 591.546 285 557.853 290 532.111 
7
10 9 907.068 292 765.592 288 755.62 286 744.318 287 713.51 291 701.623 289 655.89 290 590.631 10 583.976 285 507.65 
8
10 9 991.033 288 890.807 291 868.765 10 819.956 4 818.968 287 797.794 289 791.603 290 707.225 292 704.478 11 686.278 
9
10 8 994.437 10 979.327 5 968.448 11 925.263 7 924.749 6 921.638 4 840.212 12 689.635 293 687.88 3 538.089 
10
10 11 1155 12 951.386 9 943.914 288 840.13 292 819.245 287 818.44 8 803.848 286 779.445 289 710.829 285 696.123 
11
10 12 1606.33 13 1212.42 10 1135.95 288 937.699 9 874.362 289 825.153 287 818.386 292 774.645 286 736.48 290 662.047 
12
10 13 1595.61 11 1572.24 10 914.544 14 857.88 291 719.517 288 705.366 9 631.669 289 609.228 287 596.886 292 589.737 
13
10 12 1540.08 14 1345.27 11 1156.94 173 767.166 15 702.548 10 563.647 291 544.853 292 441.821 16 423.452 289 418.971 
14
10 13 1318.65 16 1151 174 1128.97 17 890.365 12 832.213 18 583.065 11 495.436 19 394.168 291 306.598 20 259.546 
15
10 16 1338.85 17 1311.41 175 1062.4 18 911.341 13 667.464 20 427.024 12 361.615 21 266.4 11 180.298 22 178.09 
16
10 17 1545.55 176 1293.38 15 1250.73 18 1219.49 14 1028.78 19 848.339 175 667.081 20 521.668 13 384.747 21 302.521 
17
10 16 1524.51 18 1359.76 19 1227.93 15 1211.19 176 917.364 20 811.698 14 794.778 21 447.216 175 348.565 13 282.176 
18
10 19 1315.79 17 1301.9 16 1164.11 20 1125.1 177 982.472 15 821.431 21 627.105 14 513.381 176 493.599 22 420.287 
19
10 20 1365.49 18 1237.85 178 1212.45 17 1133.81 21 821.964 16 779.891 177 647.5 23 372.008 14 339.734 24 288.802 
20
10 19 1347.85 18 1075.1 21 860.679 17 763.325 22 758.402 179 752.549 178 642.695 23 561.111 16 490.004 24 450.657 
21
10 20 800.454 22 789.117 19 782.886 23 643.943 18 582.923 24 489.645 17 412.048 180 402.225 25 390.775 26 357.453 
22
10 24 771.259 21 701.145 20 661.069 25 629.56 26 628.11 18 376.252 27 365.07 28 271.96 17 249.058 181 241.842 
23
10 24 974.347 25 921.15 26 904.526 27 603.174 21 564.661 20 493.687 28 485.895 19 341.009 29 292.542 18 246.926 
24
10 25 1042.79 26 1013.64 23 916.111 27 763.741 22 706.236 28 640.061 21 433.704 20 402.445 19 266.54 29 262.42 
25
10 24 1005.84 23 837.635 22 555.727 21 335.134 20 332.274 26 277.348 27 250.915 18 136.572 17 75.8355 28 65.0112 
26
10 24 1014.19 23 859.025 22 567.402 33 384.563 25 299.549 32 295.609 21 294.978 20 268.039 34 257.894 19 184.399 
27
10 24 774.046 32 596.678 23 596.601 34 385.231 22 351.552 25 271.077 31 244.278 35 222.061 21 204.143 36 154.957 
28
10 31 875.462 32 822.19 33 737.11 24 634.474 34 515.301 23 485.568 35 308.398 22 269.479 36 217.857 21 150.244 
29
10 31 1327.27 32 1061.21 33 924.843 34 630.538 23 302.017 24 262.873 36 243.833 22 196.749 188 161.865 37 142.41 
30
10 32 1146.36 33 1054.01 34 718.638 31 673.252 36 265.645 23 242.12 188 186.68 22 163.385 37 156.185 24 154.418 
31
10 29 1283.16 33 1166.69 28 843.777 34 752.696 30 659.071 188 257.264 27 243.198 37 188.562 23 173.313 26 142.038 
32
10 30 1147.75 29 1071.73 33 1039.84 28 820.825 34 740.369 27 593.878 187 494.153 36 341.823 26 294.559 188 281.403 
33
10 31 1242.63 32 1106.91 30 1098.89 29 955.662 28 740.147 26 380.535 37 372.739 189 281.546 190 116.733 44 116.318 
34
10 31 866.173 32 846.289 30 808.478 29 700.436 28 552.229 37 528.761 27 408.377 38 346.966 189 344.771 26 269.389 
35
10 37 737.719 38 519.649 28 356.536 27 248.677 190 227.797 44 207.199 43 181.556 45 164.159 49 110.354 191 100.581 
36
10 37 921.806 38 744.544 32 433.532 30 343.916 29 313.371 28 260.255 44 256.092 43 215.238 45 208.123 27 179.446 
37
10 38 1033.07 36 991.61 35 840.611 34 637.097 33 474.711 44 331.142 45 325.512 32 293.204 46 271.926 49 256.014 
38
10 37 1096.29 36 845.179 35 621.834 34 437.615 45 424.779 44 387.893 46 374.092 49 361.896 48 358.948 47 339.819 
39
10 44 477.345 45 476.994 49 427.266 48 420.017 47 409.417 50 256.984 193 184.413 51 131.481 194 88.005 52 69.2664 
40
10 41 720.28 44 661.885 42 626.753 48 612.45 49 606.201 43 597.32 46 595.856 47 558.601 50 374.045 51 217.812 
41
10 49 856.658 48 805.337 40 795.498 45 730.572 46 721.829 47 704.437 44 630.367 43 592.471 50 587.849 51 371.784 
42
10 49 867.891 40 728.747 46 689.275 50 672.386 47 652.684 51 434.971 45 338.361 52 228.683 53 142.659 197 124.687 
43
10 40 696.774 41 668.961 46 586.359 47 495.576 51 406.176 36 285.67 35 243.613 52 211.428 34 196.692 45 179.315 
44
10 40 743.296 41 704.823 46 676.967 39 558.031 47 500.245 38 486.372 37 418.437 36 318.718 35 262.411 52 209.442 
45
10 41 784.955 39 539.425 38 509.697 37 399.068 42 353.719 36 255.94 35 206.184 43 182.284 44 153.662 34 150.023 
46
10 41 750.96 42 696.795 44 675.144 40 641.009 43 584.456 38 443.256 37 328.909 36 203.208 53 119.194 54 65.086 
47
10 41 716.111 42 639 40 587.157 44 483.262 43 478.018 39 449.327 38 395.616 36 167.974 53 123.651 35 117.858 
48
10 41 767.039 40 607.197 39 438.312 38 395.254 52 298.434 37 280.545 53 176.713 36 161.473 35 112.992 54 95.6192 
49
10 50 1297.25 51 907.021 41 762.263 42 718.6 40 571.987 52 503.056 39 426.473 38 383.852 53 310.058 37 279.755 
50
10 51 1299.57 49 1205.69 52 897.333 197 551.832 42 518.98 41 493.098 40 343.801 198 329.42 39 256.753 38 221.698 
51
10 50 1273.3 52 1085.65 49 836.491 197 681.352 198 525.963 199 338.809 42 337.879 41 313.765 43 310.892 67 283.516 
52
10 51 1070.83 50 896.354 198 556.233 49 471.461 199 456.543 66 390.62 67 335.076 48 256.834 68 241.632 65 234.771 
53
10 199 461.788 66 445.327 67 398.948 49 310.584 65 301.608 68 301.342 69 218.618 200 216.003 71 198.815 64 198.046 
54
10 66 855.339 55 780.656 65 708.653 56 488.242 64 463.852 73 382.387 72 365.868 74 338.126 57 316.774 63 275.075 
55
10 54 883.062 64 815.799 56 799.086 57 581.032 63 560.474 62 387.683 58 354.441 61 232.244 59 215.601 60 168.898 
56
10 63 997.143 57 916.398 55 888.467 62 685.682 54 595.039 58 546.035 61 375.908 59 326.04 60 271.137 49 41.4248 
57
10 63 1076.35 62 1013.18 56 1000.66 58 892.919 55 691.317 61 605.339 54 402.488 49 24.6111 43 16.4305 42 15.9598 
58
10 62 1136.63 57 975.805 61 688.644 56 635.861 55 442.305 54 254.702 53 201.258 49 10.2559 42 9.75687 43 9.73038 
59
10 61 667.167 56 411.398 55 287.341 54 168.721 49 9.24321 42 7.84934 43 7.20529 44 6.92716 40 6.66604 41 6.60724 
60
10 56 350.65 55 229.391 54 130.54 53 93.1686 50 16.4307 45 8.643 41 8.45777 43 8.43315 49 8.40245 42 7.85817 
61
10 58 771.088 57 702.092 59 646.944 56 453.599 55 294.023 54 170.134 53 108.094 52 93.5935 51 47.8371 50 29.0036 
62
10 58 1087.23 57 1052.98 56 756.018 55 457.608 54 246.952 53 142.461 52 123.619 51 67.4437 50 36.9343 49 16.0225 
63
10 56 970.872 57 965.452 55 596.146 54 318.559 53 159.917 52 130.754 51 77.5271 50 42.9079 49 15.8704 43 11.7182 
64
10 55 776.96 54 495.175 53 224.706 50 60.3723 49 24.0981 48 11.8034 43 10.784 42 10.636 44 10.2314 41 9.92125 
65
10 54 670.019 53 310.114 52 252.123 197 194.224 51 170.328 196 138.653 50 94.433 195 90.3921 49 38.2816 48 17.453 
66
10 54 706.886 53 407.871 52 377.264 197 361.939 51 268.576 196 232.763 195 151.944 50 146.883 194 93.8491 193 62.5648 
67
10 198 368.071 53 310.178 197 299.441 52 276.694 51 230.793 196 204.985 50 136.554 195 134.836 194 87.7227 49 65.909 
68
10 69 1175.92 200 681.375 70 674.126 199 583.783 71 420.009 73 418.065 72 380.475 74 376.933 198 305.998 197 212.982 
69
10 68 1032.43 70 1011.02 71 581.347 73 524.848 74 491.029 72 480.409 198 365.057 199 328.142 197 252.337 53 127.789 
70
10 200 1015.44 69 965.58 201 894.462 73 858.185 74 845.361 199 808.643 71 790.666 72 739.676 68 566.996 198 332.412 
71
10 74 1030.49 199 894.297 73 852.556 200 842.414 70 794.347 201 594.119 69 568.933 202 514.38 68 369.833 197 315.653 
72
10 199 836.224 70 746.696 200 707.797 69 475.625 201 435.659 198 426.043 68 339.921 197 288.663 54 217.946 71 204.942 
73
10 199 874.951 70 870.843 71 842.184 200 808.811 69 514.9 198 387.983 68 368.519 197 269.14 79 235.05 54 223.669 
74
10 71 949.914 200 836.883 199 835.164 70 803.154 201 545.275 69 446.611 78 316.376 68 311.634 198 304.451 79 266.348 
75
10 77 699.337 199 586.026 200 534.64 202 442.99 78 434.085 201 427.314 79 359.53 205 334.391 206 309.679 80 252.313 
76
10 77 701.646 78 504.135 199 478.181 200 474.274 205 470.006 202 457.004 201 438.882 206 431.948 79 406.396 80 301.584 
77
10 76 624.731 75 596.159 205 548.319 206 546.443 79 512.457 78 502.123 203 487.288 80 390.737 207 377.976 199 341.664 
78
10 207 510.106 76 464.136 77 464.072 79 452.978 208 439.91 81 412.055 80 411.686 75 386.666 206 377.6 210 345.18 
79
10 77 478.5 78 441.428 207 428.693 208 413.062 80 399.22 204 391.46 76 379.693 210 369.884 211 361.444 81 348.997 
80
10 81 630.966 209 488.836 207 468.551 208 433.579 210 432.702 211 427.593 79 413.953 78 413.827 77 387.936 82 381.476 
81
10 80 641.62 82 587.094 208 518.833 209 458.667 83 450.824 210 414.854 78 410.837 211 380.854 79 360.835 77 305.549 
82
10 83 720.819 81 599.465 209 551.164 85 405.77 80 390.212 210 384.401 84 383.99 211 365.661 207 308.949 86 292.603 
83
10 82 722.401 85 685.841 209 673.072 84 596.262 208 483.1 210 472.083 81 458.152 80 300.419 211 297.262 207 231.896 
84
10 85 676.73 210 648.827 83 595.119 209 479.191 211 427.01 82 382.849 208 239.034 212 238.979 81 226.924 86 221.279 
85
10 83 732.913 84 721.685 210 675.7 209 620.707 86 467.394 82 432.934 211 358.557 208 285.695 87 271.421 81 244.067 
86
10 88 488.973 85 463.28 209 445.748 208 397.909 210 376.046 87 373.911 211 327.259 82 309.887 206 295.808 205 274.828 
87
10 88 1319.39 89 809.072 86 363.455 205 330.245 206 309.089 209 303.295 210 279.405 208 262.548 85 254.205 211 237.772 
88
10 89 1434.09 87 1301.09 90 640.573 86 466.721 91 328.928 92 186.274 222 86.1361 101 80.6852 209 80.3357 93 79.6231 
89
10 88 1420.59 90 1018.49 91 814.833 87 784.772 92 271.973 86 165.213 222 88.3396 221 69.6175 105 51.9023 93 49.7718 
90
10 89 972.873 91 735.749 88 627.899 92 241.329 87 198.002 86 82.0466 101 81.9379 222 75.4416 102 67.6878 219 60.3565 
91
10 89 806.648 90 739.157 88 338.936 222 174.802 221 148.495 102 120.945 101 112.417 105 107.425 216 104.237 220 100.017 
92
10 222 293.445 216 282.096 89 261.095 221 249.783 90 249.274 217 243.348 105 216.686 215 214.768 104 194.487 220 194.088 
93
10 215 370.641 216 341.816 214 307.309 105 219.1 104 212.403 102 198.544 222 191.595 106 190.048 94 188.659 101 164.479 
94
10 214 391.064 95 309.442 213 267.287 212 236.839 216 211.569 93 190.145 96 168.18 92 147.105 105 146.046 217 136.929 
95
10 94 278.836 96 275.828 215 263.274 214 175.451 97 167.452 99 108.977 105 107.26 98 103.982 217 103.961 106 100.597 
96
10 95 298.207 97 166.065 94 163.88 215 156.526 98 152.105 99 149.692 93 134.463 106 97.5751 105 92.0965 107 90.066 
97
10 95 170.75 99 165.208 96 156.867 98 137.969 106 89.1781 107 88.9611 105 78.0859 108 71.1498 109 65.3332 94 62.8282 
98
10 96 146.93 97 140.219 99 124.134 95 108.089 107 91.7422 106 85.4864 108 72.2487 105 72.0034 109 68.9635 84 65.2135 
99
10 97 183.931 96 158.062 98 134.71 95 122.509 106 84.4672 107 78.0731 85 75.7025 108 73.3943 105 70.0737 84 69.4212 
100
10 106 119.677 107 112.382 105 104.028 85 100.272 108 93.6023 84 90.5963 214 88.2336 109 76.8384 222 75.2991 213 71.4635 
101
10 93 151.552 92 134.234 85 125.219 106 119.646 107 118.992 214 109.852 84 107.583 108 99.667 91 97.5399 215 87.6081 
102
10 93 178.6 92 162.237 214 126.209 85 121.147 107 119.172 84 111.434 106 110.997 91 102.611 215 102.433 108 101.231 
103
10 105 284.015 106 265.347 107 224.299 219 201.645 108 179.308 220 174.29 214 164.833 215 160.074 218 142.56 93 130.448 
104
10 105 312.175 106 288.093 107 263.973 220 205.415 108 191.773 93 182.056 219 175.057 92 160.714 214 156.861 215 149.519 
105
10 104 330.202 219 316.73 103 287.15 220 282.344 106 207.799 221 190.453 93 190.212 218 183.98 92 180.348 215 165.084 
106
10 220 491.109 219 445.626 221 414.143 104 315.188 222 297.515 103 291.77 218 249.501 223 242.248 105 235.331 109 217.02 
107
10 108 682.846 221 540.641 220 481.208 222 471.008 109 453.472 219 384.975 223 338.844 104 296.867 103 257.109 93 131.526 
108
10 109 853.743 107 787.492 220 453.651 224 438.581 219 288.793 104 226.062 103 216.778 225 143.463 218 122.027 92 100.079 
109
10 108 937.967 107 565.002 225 434.272 221 346.127 226 296.652 220 270.065 106 267.86 227 217.569 219 186.499 103 130.441 
110
10 117 231.048 118 163.803 228 143.138 119 100.83 218 69.8572 216 53.5465 120 50.8373 217 48.7149 215 43.8037 214 41.8797 
111
10 112 964.559 114 701.357 115 524.546 116 433.477 117 373.669 118 216.265 119 133.33 120 66.3964 219 64.6997 218 44.6383 
112
10 114 1206.85 111 1062.5 115 707.69 116 580.732 117 520.889 118 331.301 119 197.864 120 112.35 121 67.9643 122 38.6564 
113
10 114 1509.38 115 991.706 116 812.015 117 680.551 118 443.864 119 269.805 120 158.27 121 97.0174 122 55.3886 123 35.4927 
114
10 113 1592.12 112 1379.46 117 975.609 111 863.555 118 708.61 119 463.31 116 451.826 120 290.891 115 197.292 121 185.029 
115
10 113 1058.75 117 1052.83 118 832.478 112 803.474 111 657.617 119 562.072 121 226.401 114 199.383 122 112.45 125 73.3203 
116
10 118 1098.89 117 1080.35 113 863.962 119 794.36 112 652.437 111 530.048 120 472.629 114 457.934 121 324.212 122 168.658 
117
10 118 1199.75 116 1075.61 119 1051.55 115 1043.99 114 988.262 113 717.718 120 691.245 112 581.495 121 487.789 111 454.325 
118
10 119 1362.5 117 1137.48 116 1044.69 120 1027.48 121 793.319 115 788.805 114 685.786 113 445.967 122 438.051 112 346.399 
119
10 118 1320.78 120 1126.66 117 967.345 116 729.269 123 532.299 115 515.848 124 442.323 114 434.231 125 429.411 113 261.428 
120
10 119 1088.49 118 942.368 122 797.894 117 604.82 123 576.899 125 504.548 124 474.044 116 409.664 126 331.345 114 260.521 
121
10 122 1214.97 123 1001.28 124 831.036 125 827.512 118 665.259 117 390.101 116 256.55 127 246.456 115 181.697 114 152.646 
122
10 125 1341.52 123 1308.15 121 1134.59 126 802.678 120 683.339 228 353.541 118 338.723 117 187.329 235 170.318 227 166.072 
123
10 124 1355.53 125 1291.6 122 1248.58 121 886.77 120 468.761 119 405.066 229 383.274 228 267.062 235 183.954 236 133.984 
124
10 123 1318.62 121 720.179 120 375.335 229 344.272 119 327.144 228 188.36 236 171.828 118 156.596 237 115.739 117 94.0632 
125
10 123 1377.84 122 1355.3 121 776.633 120 430.053 119 341.994 229 289.792 118 172.069 228 165.602 117 103.519 132 86.2259 
126
10 122 922.422 120 326.2 119 227.17 131 222.486 132 144.451 118 110.82 237 75.6215 133 66.1755 117 60.0906 227 38.321 
127
10 130 453.27 131 334.492 121 294.854 120 184.002 132 179.84 119 113.11 235 72.877 133 49.8174 118 48.8503 236 29.6129 
128
10 130 820.076 129 763.302 131 451.802 132 195.136 119 57.3526 133 56.5259 234 44.7441 134 21.7381 118 21.2214 235 13.3816 
129
10 130 851.43 128 822.921 131 585.654 132 253.75 133 87.2124 134 34.1741 119 26.0767 235 21.7571 135 12.889 118 9.39036 
130
10 128 908.065 129 881.406 131 792.53 127 532.2 132 462.606 133 178.155 134 90.7749 236 36.4126 135 33.3958 120 30.3432 
131
10 130 808.027 132 796.506 129 608.94 128 498.595 133 421.551 127 396.547 126 271.611 134 226.424 135 108.005 122 75.5752 
132
10 131 803.055 133 663.482 130 473.26 134 437.068 129 264.384 135 245.356 128 214.31 127 210.521 126 169.141 136 147.03 
133
10 134 795.916 132 685.645 135 530.521 131 437.084 136 368.874 137 220.714 130 188.26 138 102.42 129 94.0133 126 79.0762 
134
10 135 886.145 133 823.106 136 679.877 132 462.77 137 417.847 131 241.143 138 226.806 139 114.401 130 98.4004 140 44.3481 
135
10 136 998.273 134 898.166 137 716.162 133 555.627 138 402.85 132 262.911 139 226.219 131 116.575 140 101.314 141 54.8097 
136
10 135 1006.36 137 947.037 134 697.111 138 612.393 133 391.902 139 361.275 132 161.1 140 160.854 141 98.1085 131 67.9706 
137
10 136 960.293 138 801.589 135 733.921 139 501.457 134 436.864 140 244.003 133 240.089 141 156.744 132 102.531 142 93.9268 
138
10 137 816.718 136 631.786 139 563.819 135 418.415 140 318.379 134 241.188 141 234.943 142 151.781 133 113.955 143 106.614 
139
10 140 589.186 138 561.776 137 507.571 141 471.762 136 368.543 142 283.191 135 231.048 143 169.003 134 119.789 144 80.0298 
140
10 141 812.801 139 589.327 142 559.031 138 315.079 143 271.375 137 243.91 136 161.641 144 130.734 135 101.74 145 72.2988 
141
10 140 818.105 142 768.382 139 476.662 143 434.625 144 241.953 138 235.167 137 158.829 145 135.18 136 99.448 146 69.5304 
142
10 141 768.594 143 706.86 140 562.588 144 505.835 145 288.606 139 287.444 138 153.563 146 129.414 137 96.1755 147 66.7359 
143
10 144 855.681 142 705.348 145 598.874 141 437.273 140 276.739 146 272.386 139 177.911 147 147.524 138 113.258 148 69.7628 
144
10 145 926.746 143 855.017 146 561.657 142 503.165 147 279.887 141 247.147 148 141.179 140 138.067 139 88.9858 149 88.7998 
145
10 144 897.24 147 636.956 143 574.776 148 339.989 142 279.536 149 219.36 141 137.474 150 91.5623 140 78.0784 139 52.417 
146
10 147 1174.23 148 841.199 144 522.157 143 255.895 150 220.139 142 124.817 151 112.731 141 70.0601 152 41.4329 139 26.4974 
147
10 148 1438.8 149 1181.21 146 1117.7 145 585.818 144 251.032 151 218.263 143 132.843 142 60.6745 141 31.7853 153 22.481 
148
10 149 1491.51 147 1374.11 150 839.463 146 779.538 145 308.364 152 159.912 144 124.536 143 63.6288 153 57.313 142 29.9892 
149
10 148 1431.99 150 1167.34 147 1085.45 151 690.154 152 269.316 145 190.722 153 96.0324 144 73.8962 270 47.8169 269 43.8992 
150
10 151 1114.36 149 1107.45 148 774.608 152 626.066 153 219.596 146 197.988 271 121.216 154 110.618 272 95.8829 273 88.3977 
151
10 150 1059.29 152 905.069 149 629.492 153 351.837 147 194.323 272 193.268 271 176.538 154 157.802 273 153.357 274 116.064 
152
10 151 936.478 150 622.793 153 550.952 149 256.863 272 228.291 271 224.154 273 195.905 274 152.93 148 150.725 275 68.0388 
153
10 152 617.952 151 404.232 273 256.635 150 243.703 272 231.346 274 199.886 149 102.865 275 95.8979 148 60.1864 276 38.1541 
154
10 274 261.169 151 203.247 162 164.854 150 136.643 163 130.496 275 126.972 164 75.9292 276 64.9722 149 52.3023 165 47.5457 
155
10 274 300.303 162 199.276 275 151.272 163 151.101 151 134.886 150 103.256 164 91.6306 276 83.93 277 53.626 149 35.7611 
156
10 162 296.706 161 259.095 163 243.347 275 237.826 164 164.182 276 135.43 165 122.261 277 101.991 166 69.9371 278 63.1692 
157
10 162 346.615 161 315.911 163 303.212 164 203.55 165 167.65 276 134.533 277 120.503 166 103.584 278 85.8915 167 53.1309 
158
10 160 526.88 161 510.517 162 426.775 163 381.918 164 262.604 165 189.406 166 120.081 278 87.9792 167 62.7343 168 33.0343 
159
10 160 709.027 161 681.337 162 487.794 163 461.815 164 369.022 165 263.049 167 105.324 168 57.7007 280 40.2376 298 35.9185 
160
10 159 752.703 161 751.066 158 609.008 162 599.755 163 580.196 164 470.832 165 340.422 166 230.441 167 126.735 168 63.9381 
161
10 160 756.63 163 723.787 159 707.94 162 697.086 158 567.137 164 532.779 165 426.945 157 378.576 156 328.486 166 265.978 
162
10 161 700.41 163 664.802 164 652.087 160 600.9 159 493.66 158 457.414 157 402.187 156 363.205 155 263.763 154 223.878 
163
10 164 721.821 161 697.798 162 624.269 160 570.197 159 466.98 166 423.177 158 413.79 157 354.592 156 301.919 167 238.589 
164
10 165 750.468 166 669.496 163 662.144 162 600.578 161 514.502 160 461.504 159 375.114 167 359.398 158 288.545 157 242.77 
165
10 166 786.517 164 669.527 167 591.685 161 395.451 160 318.019 159 255.525 158 196.748 157 191.183 156 149.525 297 74.3705 
166
10 167 780.189 165 707.885 164 565.919 163 360.336 161 243.995 160 213.078 274 154.318 275 133.146 158 122.447 157 118.25 
167
10 166 711.6 165 513.953 164 303.165 163 209.508 297 196.312 298 195.622 296 175.462 1 167.135 300 164.417 294 158.748 
168
10 2 262.513 1 255.3 0 241.134 294 232.568 293 196.69 3 184.164 284 179.157 164 171.668 278 161.611 295 151.411 
169
10 170 907.744 284 417.073 171 377.12 283 370.897 2 313.72 1 299.793 0 296.339 4 284.96 5 262.012 7 254.71 
170
10 169 814.195 171 664.129 283 283.078 172 255.831 285 234.042 286 166.287 292 152.74 287 134.265 289 126.743 291 116.986 
171
10 170 643.465 172 484.763 169 324.503 173 163.522 282 138.097 11 107.1 168 89.1575 12 59.4067 281 19.2413 13 18.7377 
172
10 173 497.856 171 475.771 170 236.617 12 159.585 283 156.994 169 96.653 13 90.6773 174 79.3178 282 37.6006 168 30.3372 
173
10 174 999.642 13 573.912 172 489.736 175 410.756 6 251.949 284 248.521 5 241.651 283 164.532 171 158.077 176 113.04 
174
10 175 1610.7 173 936.585 14 826.79 176 617.614 177 239.62 16 187.96 8 162.832 6 132.905 7 129.201 5 122.24 
175
10 174 1497.82 176 1485.41 15 792.748 177 696.843 16 535.05 173 360.928 178 325.508 17 286.179 11 279.42 10 159.651 
176
10 175 1424.68 16 1004.54 178 872.394 17 731.522 174 565.849 18 419.189 179 340.866 19 248.101 12 220.774 11 137.154 
177
10 178 1598.37 18 780.491 179 669.696 175 640.91 19 552.59 20 278.697 180 222.489 174 213.743 12 146.421 21 103.748 
178
10 177 1508.23 179 1295.07 19 968.859 176 779.375 180 587.977 20 531.939 175 289.518 21 208.932 13 183.013 181 173.252 
179
10 180 1469.62 178 1137.06 181 671.927 177 549.715 20 535.062 176 265.042 182 177.029 13 102.947 22 101.223 175 84.663 
180
10 181 1706.19 179 1405.62 182 758.977 178 482.858 183 316.127 21 280.498 22 171.066 177 167.534 184 98.2132 14 84.8394 
181
10 180 1661.86 182 1479.46 183 775.492 179 619.305 184 232.977 22 168.915 178 130.867 185 78.7488 23 50.1601 186 43.581 
182
10 181 1491.87 183 1225.58 180 747.197 184 530.019 185 238.584 186 166.759 179 166.007 22 89.1976 187 76.0788 27 56.3257 
183
10 182 1234.4 181 819.901 185 610.133 186 446.235 180 338.276 187 237.889 188 97.7842 27 75.8011 189 55.046 190 30.5981 
184
10 185 1166.2 186 928.671 182 564.75 187 480.557 181 264.185 188 195.252 180 116.637 189 98.7661 190 60.7496 179 30.9744 
185
10 184 1245.36 186 1108.99 187 735.326 183 686.964 188 288.977 182 272.916 189 142.67 181 99.7741 190 83.1256 180 38.8583 
186
10 185 1213.76 187 1109.69 184 1063.56 183 538.908 188 499.932 189 226.515 182 199.983 190 127.107 181 56.2722 191 50.2063 
187
10 186 1190.64 185 850.479 188 843.423 184 584.622 189 453.262 183 310.181 32 307.873 190 256.729 191 107.683 182 101.724 
188
10 189 1035.23 187 935.165 190 718.352 186 586.01 185 357.984 184 256.622 191 239.779 32 192.767 31 173.054 192 144.553 
189
10 188 1174.61 190 1151.55 187 544.941 191 459.958 186 283.15 192 242.959 34 215.642 33 193.112 185 185.688 184 135.989 
190
10 189 1265.32 188 851.176 191 719.938 192 420.846 187 314.145 193 225.093 186 162.87 35 141.677 34 120.433 185 109.807 
191
10 190 827.557 192 654.709 189 543.691 193 456.754 188 291.28 194 173.6 195 148.898 187 134.409 36 112.182 196 96.7128 
192
10 193 830.755 191 760.275 190 518.651 194 460.405 195 310.389 189 298.587 188 182.224 196 155.103 37 135.04 197 127.986 
193
10 194 1021.23 192 950.174 195 627.864 191 560.292 190 290.684 196 267.305 197 207.26 189 135.543 39 112.072 38 109.768 
194
10 193 1075.33 195 723.168 192 534.1 197 341.157 191 218.922 198 146.258 199 103.456 190 88.3941 40 84.9488 67 64.6663 
195
10 194 811.427 197 782.921 193 728.403 192 386.25 199 259.734 191 200.517 41 137.959 67 112.91 190 112.27 66 109.254 
196
10 198 884.401 199 407.499 193 352.325 192 217.673 67 193.877 66 191.001 71 169.129 72 146.232 69 143.27 191 142.96 
197
10 198 1162.96 195 899.496 199 731.084 51 552.25 194 443.798 50 442.694 71 385.665 72 342.369 73 320.354 69 318.034 
198
10 197 1085.73 196 868.434 199 827.34 72 470.297 52 442.705 200 440.564 73 428.514 69 415.229 51 398.935 70 391.773 
199
10 200 1084.38 71 931.775 74 885.493 201 879.665 73 865.636 70 860.644 72 826.232 202 765.268 198 753.144 75 684.583 
200
10 199 1019.61 70 930.725 74 840.573 71 775.979 73 738.382 203 694.162 72 636.783 75 603.575 68 563.765 76 545.639 
201
10 203 1037.4 202 897.557 70 750.827 199 749.14 204 550.813 71 489.928 74 474.043 76 462.56 75 433.219 72 340.516 
202
10 203 1022.11 201 861.252 199 634.671 76 478.179 75 430.92 71 402.732 77 306.887 205 197.654 206 135.715 78 133.666 
203
10 201 1014.22 202 994.077 204 913.716 200 615.806 77 526.897 205 503.165 199 456.132 206 402.871 78 344.119 79 286.242 
204
10 203 867.501 205 829.403 206 710.121 201 545.6 207 473.842 79 391.925 208 371.603 80 336.447 78 323.747 199 275.352 
205
10 204 821.491 207 542.759 208 519.472 77 516.04 203 497.938 206 458.897 76 447.328 209 369.78 210 368.423 211 330.171 
206
10 204 695.953 208 597.674 209 560.317 77 522.045 207 508.26 210 471.839 205 463.713 211 423.869 76 414.41 203 402.019 
207
10 205 551.666 206 532.285 78 511.138 204 473.384 80 448.571 209 444.391 79 429.016 208 417.114 211 407.359 77 384.262 
208
10 206 636.737 205 530.496 81 524.841 209 486.996 83 472.341 207 457.428 78 454.929 80 451.196 211 450.858 79 423.606 
209
10 83 687.568 85 591.928 206 586.19 82 566.928 210 546.561 80 513.749 208 511.857 81 483.661 84 483.296 207 476.022 
210
10 84 668.515 85 663.208 209 575.164 211 558.901 206 518.989 83 502.293 80 475.005 81 457.914 208 427.013 82 417.981 
211
10 212 596.527 210 546.107 208 481.619 80 469.173 206 466.475 207 445.55 84 425.986 81 419.475 209 412.153 82 401.093 
212
10 211 610.985 213 510.372 210 427.416 208 394.397 209 391.852 215 381.153 206 362.48 80 360.738 81 330.496 205 330.48 
213
10 212 542.128 214 450.909 210 444.146 215 380.047 211 379.872 209 346.606 208 322.35 80 308.121 207 306.869 206 300.661 
214
10 215 486.458 213 473.691 210 448.326 94 421.749 211 404.514 93 344.671 209 334.965 208 322.488 207 318.757 206 311.812 
215
10 214 474.634 211 426.757 93 406.796 212 390.765 213 383.41 210 361.465 95 299.212 216 269.637 207 244.316 208 243.962 
216
10 217 406.684 93 393.37 92 324.51 213 294.552 215 294.519 212 281.603 214 276.38 94 238.1 211 208.527 218 193.01 
217
10 216 419.487 92 284.258 214 270.297 212 235.668 218 231.586 215 229.523 213 228.774 94 160.398 219 138.539 95 135.529 
218
10 219 301.444 214 243.395 220 241.883 106 239.865 217 233.598 213 217.784 92 201.589 216 200.69 215 179.982 105 176.875 
219
10 106 430.134 220 387.905 221 368.083 107 354.721 105 309.72 222 297.688 218 285.125 108 253.877 214 230.344 215 218.014 
220
10 222 576.907 221 560.95 106 477.569 107 450.624 108 400.705 219 385.726 223 366.397 105 285.719 218 239.897 109 233.979 
221
10 223 596.306 220 584.433 107 509.308 222 465.207 106 401.942 219 389.779 109 317.403 92 212.673 105 205.799 218 166.267 
222
10 223 696.804 220 606.287 221 465.122 107 435.304 219 321.853 106 289.577 92 248.544 224 229.983 93 173.47 218 149.947 
223
10 224 840.168 222 666.355 221 563.17 220 352.567 107 332.177 225 275.372 106 251.622 219 205.562 226 183.044 227 148.723 
224
10 225 898.206 223 815.86 226 732.491 227 524.548 108 384.927 228 230.36 222 203.889 221 137.529 107 90.5784 229 86.8742 
225
10 226 1888.8 227 1339.67 224 958.258 109 366.51 228 285.251 223 277.15 108 130.216 120 84.4212 229 77.5763 121 63.916 
226
10 225 1982.38 227 1796.37 224 797.441 228 439.568 109 253.641 223 188.817 229 103.909 121 100.872 108 78.4794 122 38.5907 
227
10 226 1776.16 225 1379.14 228 827.147 224 549.291 229 333.484 109 178.536 223 145.467 122 121.089 230 79.6947 123 67.4913 
228
10 229 824.015 227 809.169 226 428.33 225 275.806 122 265.437 231 247.663 224 224.205 123 215.45 232 202.371 124 156.392 
229
10 228 768.17 231 450.754 227 309.978 123 294.738 232 287.057 124 271.774 125 212.102 233 166.435 234 127.979 235 97.0255 
230
10 231 946.643 233 386.098 234 239.004 235 183.186 236 122.934 237 74.4924 227 72.5255 238 39.8912 224 34.2841 239 23.3071 
231
10 232 983.723 230 902.701 233 753.83 234 439.822 229 409.549 235 299.15 228 222.351 236 209.271 237 127.911 238 72.3817 
232
10 233 1503.49 234 985.88 231 939.523 235 500.381 236 254.252 229 242.564 228 164.774 237 106.874 238 41.2048 227 27.4775 
233
10 234 1386.51 232 1383.26 235 990.735 231 640.326 236 506.839 230 310.026 237 235.455 229 128.323 238 102.596 239 31.2555 
234
10 235 1428.62 233 1256.05 236 981.575 232 842.747 237 487.317 231 337.221 238 229.925 230 176.164 239 104.849 229 93.4304 
235
10 236 1386.76 234 1321.94 237 919.481 233 860.639 238 477.701 232 410.681 239 230.853 231 219.982 240 137.586 230 130.477 
236
10 237 1303.31 235 1277.56 234 864.614 238 854.711 233 422.241 239 412.951 240 229.032 232 200.344 241 154.942 231 149.073 
237
10 238 1203.01 236 1186.4 235 798.587 239 731.959 240 448.553 234 408.467 241 295.196 233 185.427 242 118.773 231 87.535 
238
10 237 1082.77 240 909.694 236 727.103 241 664.808 235 392.728 242 344.952 234 181.428 243 88.631 233 75.3846 231 47.5514 
239
10 240 1467.91 241 1319.44 242 628.614 237 591.695 236 320.396 235 174.692 243 88.7256 245 81.6991 234 75.7896 244 34.9826 
240
10 239 1336.71 242 821.811 238 722.693 237 333.334 236 164.535 235 97.1972 243 95.0772 245 78.0677 234 34.6783 132 26.9112 
241
10 239 1155.93 242 1047.8 238 504.841 237 203.766 243 174.987 236 101.684 244 75.4103 235 62.581 234 21.3602 132 18.1488 
242
10 241 1015.85 240 786.528 245 686.304 239 567.29 243 328.806 238 282.203 247 173.916 237 86.5261 236 25.8647 132 18.8964 
243
10 245 1409.5 246 519.02 242 355.307 244 294.96 247 284.646 241 171.909 248 119.568 240 96.2064 239 86.8509 238 84.041 
244
10 245 1508.19 246 640.326 247 427.663 243 287.301 248 213.819 241 72.8837 250 64.5851 254 53.3029 253 51.2303 252 47.4273 
245
10 244 1535.64 243 1476.59 246 923.7 247 849.209 242 709.427 248 450.043 250 112.584 239 80.1293 254 79.0376 240 76.7993 
246
10 247 1243.09 245 960.859 248 927.621 244 683.034 243 573.302 249 388.451 250 224.403 253 123.849 254 120.877 252 120.834 
247
10 246 1244.21 248 999.326 245 896.407 249 586.484 244 465.416 250 350.31 243 321.959 251 192.128 252 189.001 253 179.74 
248
10 247 1044.25 246 983.245 249 759.17 250 578.899 245 500.361 251 262.08 244 244.385 252 237.151 243 144.346 269 26.5192 
249
10 248 806.111 247 651.734 246 439.498 269 16.5557 268 15.3721 242 10.4379 264 9.35435 131 0.217962 133 0.19316 132 0.110354 
250
10 248 647.703 247 410.432 246 269.822 245 141.36 244 82.0511 243 42.0803 268 16.6725 264 13.9246 242 3.51707 19 1.34947 
251
10 248 323.621 247 246.175 246 158.899 257 128.156 245 89.7673 244 60.0353 243 25.347 268 14.5128 264 13.5832 269 12.7224 
252
10 248 300.979 247 246.502 258 217.713 257 193.522 246 161.636 245 93.1449 244 66.2677 243 26.9709 264 26.2708 268 20.7042 
253
10 258 361.531 256 359.874 257 338.864 247 238.753 259 237.435 246 168.253 260 162.242 245 100.589 244 72.8065 264 40.1809 
254
10 256 566.828 259 295.84 247 216.126 260 200.254 246 167.001 245 112.652 261 101.84 244 76.4939 270 58.1437 262 56.656 
255
10 256 879.72 257 670.243 258 585.678 259 397.555 260 260.829 246 149.774 261 142.192 245 99.7682 262 76.6234 270 70.5697 
256
10 257 903.755 255 899.646 258 841.578 254 650.827 259 498.553 253 444.102 260 320.757 261 173.192 262 93.308 265 89.6208 
257
10 256 852.894 255 665.526 258 470.916 259 424.143 253 401.615 260 315.227 252 242.477 251 165.324 265 81.9549 268 76.7862 
258
10 256 836.535 255 619.492 257 480.84 253 435.432 259 392.678 260 374.503 252 273.527 265 89.4278 268 78.7085 264 57.3925 
259
10 256 528.621 260 522.754 257 466.822 255 445.718 258 435.914 254 355.773 253 295.88 264 139.794 268 115.078 266 71.0741 
260
10 259 601.688 258 422.803 256 358.551 257 353.582 255 304.868 254 246.905 266 219.359 253 207.983 268 165.366 267 145.123 
261
10 264 768.783 266 459.717 267 216.107 256 204.443 268 199.34 255 174.714 254 131.193 269 73.1936 247 48.1352 246 31.3709 
262
10 264 1432.97 265 853.67 263 702.673 266 432.583 268 205.331 267 164.748 256 116.37 269 109.047 255 98.8794 270 86.9342 
263
10 262 732.185 265 608.69 256 60.6938 267 58.9824 255 47.9409 268 45.2506 257 39.9614 258 36.7976 254 36.2798 270 34.7524 
264
10 262 1281.98 265 818.03 261 807.331 266 325.458 259 165.466 256 75.1168 258 66.2668 255 65.6178 257 59.8581 268 55.7605 
265
10 266 896.79 264 779.458 262 723.824 263 509.787 267 424.579 268 218.146 258 119.01 257 109.12 256 105.701 255 63.4211 
266
10 265 902.208 261 495.181 267 415.148 262 378.788 264 318.561 268 284.914 260 281.719 259 107.799 269 94.9704 270 51.0543 
267
10 265 427.476 266 408.518 268 380.442 261 219.823 260 185.791 262 140.844 269 129.321 259 106.17 270 55.151 264 48.576 
268
10 267 402.501 269 326.07 266 302.247 265 245.352 261 216.897 260 199.962 262 193.568 270 184.563 259 152.65 258 103.151 
269
10 268 362.332 267 150.075 262 121.507 266 110.995 261 92.8656 265 70.3669 260 67.5844 151 53.4912 247 40.2169 248 33.2451 
270
10 271 299.209 268 229.639 262 105.918 272 105.461 256 84.7055 255 84.1394 267 72.9812 254 71.8859 151 69.8106 266 69.2723 
271
10 272 341.499 270 324.223 152 178.855 151 167.703 273 138.164 150 119.696 262 47.3047 274 34.2378 149 29.3815 263 20.4705 
272
10 271 368.068 273 301.428 152 223.386 151 207.936 153 199.273 274 141.37 270 120.781 150 107.266 275 52.3179 276 46.518 
273
10 274 403.034 272 329.293 275 266.21 153 252.621 152 218.589 276 182.115 151 179.557 271 163.602 277 145.782 150 106.624 
274
10 275 814.02 276 654.698 273 449.786 155 286.084 154 259.612 277 255.832 153 216.149 152 179.531 272 174.107 151 139.7 
275
10 276 989.303 274 905.558 277 350.594 273 327.711 156 212.207 155 153.825 278 137.78 154 136.045 153 110.747 166 102.406 
276
10 275 955.172 274 704.728 277 381.791 273 216.787 278 125.223 156 123.487 157 113.308 155 88.702 154 71.3535 167 60.4168 
277
10 276 371.444 275 343.793 274 278.477 278 176.994 273 175.711 157 113.959 156 102.978 155 61.0971 280 56.2087 168 55.4669 
278
10 277 164.805 275 152.66 274 134.133 276 127.583 168 123.06 280 105.759 157 89.229 158 84.2789 156 70.0333 169 67.2768 
279
9 277 56.8507 274 26.4018 276 24.756 278 15.0542 156 11.27 157 9.67326 158 8.58685 159 6.95998 280 1.87516 
280
10 281 319.316 282 223.643 278 92.3389 283 76.6486 277 54.7227 159 40.9711 170 33.523 276 32.6813 22 26.6198 275 25.0551 
281
10 282 480.322 280 319.699 283 226.452 284 65.8693 278 44.4742 292 32.1647 291 31.6156 285 26.7864 22 23.5541 23 21.8929 
282
10 283 786.737 281 562.162 284 288.879 280 260.482 285 145.027 292 141.868 171 141.773 291 121.703 290 70.7249 172 44.5916 
283
10 282 863.503 284 834.586 292 543.365 285 526.213 291 494.541 169 334.174 290 290.988 281 288.357 170 275.418 173 215.173 
284
10 283 900.747 291 805.269 290 571.584 169 405.287 282 339.842 173 333.986 11 310.055 12 196.145 13 146.05 168 144.952 
285
10 291 1063.37 290 988.23 10 677.646 11 620.563 283 612.162 3 580.642 6 535.852 5 530.861 4 519.904 7 481.628 
286
10 293 835.711 4 823.302 10 813.3 11 801.914 7 775.206 5 772.886 6 722.665 3 645.659 291 597.177 289 595.989 
287
10 11 910.144 10 876.505 8 834.872 293 825.307 4 768.186 7 757.253 5 732.274 6 701.594 12 686.84 3 571.684 
288
10 11 1039.81 8 930.645 10 902.322 293 818.832 12 807.912 7 799.953 5 784.855 4 754.84 6 729.325 3 553.817 
289
10 11 929.288 8 841.536 293 828.508 4 767.455 10 764.553 12 714.253 5 707.862 7 707.046 6 648.486 286 617.456 
290
10 285 1100.38 293 866.116 11 761.756 8 756.885 4 725.497 284 701.074 10 652.075 7 642.609 3 642.433 5 629.938 
291
10 285 1182.43 293 1084.37 284 990.868 8 935.772 12 885.076 4 815.451 7 768.038 5 756.343 6 730.006 13 699.248 
292
10 293 1122.1 10 934.332 11 928.958 4 910.787 7 843.447 5 828.357 6 813.316 8 765.1 12 735.122 283 711.264 
293
10 292 1191.14 291 1161.68 2 1098.57 1 971.419 0 950.975 286 928.407 290 927.881 287 908.401 288 903.488 289 900.914 
294
10 293 609.536 292 417.603 286 395.497 290 381.658 8 376.512 291 364.811 289 332.827 287 330.258 288 320.729 9 275.722 
295
10 292 302.62 291 275.202 290 270.576 289 223.858 287 216.671 288 208.425 9 187.871 168 175.452 167 144.404 10 94.2701 
296
10 293 463.613 8 328.081 286 327.799 292 326.621 290 313.945 291 311.176 289 272.523 287 264.962 288 255.89 9 230.943 
297
10 293 735.286 292 583.919 8 562.134 291 546.446 286 530.809 290 475.622 287 468.696 289 466.191 288 441.653 9 410.608 
298
10 293 753.026 292 590.279 8 559.059 286 548.034 291 540.719 287 485.694 290 481.323 289 469.063 288 450.053 9 411.905 
299
10 293 468.237 286 373.843 8 369.611 292 346.503 287 326.123 290 324.922 291 321.633 285 311.185 289 310.945 288 298.837 
300
10 293 433.011 286 338.369 8 335.306 292 326.593 290 318.715 291 317.983 289 295.656 287 288.148 288 275.183 9 243.086 
